26944761;295232688;295232689;
26944761;295232689;295232690;
26944761;295232690;295232691;
26944761;295232691;295232692;
26944761;295232692;295232693;
26944761;295232693;295232694;
26944761;295232694;295232695;
26944761;295232695;295232696;
26944761;295232696;295232697;
26944761;295232697;295232698;
26944761;295232698;295232699;
26944761;295232699;295232700;
26944761;295232700;295232701;
26944761;295232701;1723852122;
26944761;1723852122;295232703;
26944761;295232703;1723852144;
26944761;1723852144;295232704;
26944761;295232704;295232705;
26944761;295232705;295232706;
26944761;295232706;295232707;
26944761;295232707;295232708;
26944761;295232708;295232709;
26944761;295232709;295232710;
26944761;295232710;295232711;
26944761;295232711;295232712;
26944761;295232712;295232713;
26944761;295232713;295232714;
26944761;295232714;295232715;
26944761;295232715;295232716;
26944761;295232716;295232717;
26944761;295232717;295232718;
26944761;295232718;295232720;
26944761;295232720;295232721;
26944761;295232721;295232722;
26944761;295232722;295232723;
26944761;295232723;295232724;
26944761;295232724;3128226003;
26944761;3128226003;295232668;
26944764;295232757;295232758;
26944764;295232758;295232759;
26944764;295232759;295232760;
26944764;295232760;295232761;
26944764;295232761;295232762;
26944764;295232762;295232763;
26944764;295232763;295232764;
26944764;295232764;295232765;
26944764;295232765;295232766;
26944764;295232766;295232705;