26697169;292782777;292782778;
26697169;292782778;292782779;
26697169;292782779;1865068717;
26697169;1865068717;292782783;
26697169;292782783;1723836416;
26697169;1723836416;292782784;
26697169;292782784;292782785;
26697169;292782785;1723836403;
26697169;1723836403;292782786;
26697169;292782786;292782787;
26697169;292782787;1520385168;
26697169;1520385168;3133922934;
26697169;3133922934;292782788;
26697169;292782788;292782789;
26697169;292782789;292782790;
26697169;292782790;1520383994;
26697169;1520383994;292782791;
26697169;292782791;292782792;
26697169;292782792;292782793;
26697169;292782793;292782794;
26697169;292782794;3171727265;
26697169;3171727265;292782795;
26697169;292782795;3127815808;
26697169;3127815808;292782799;
114301308;1295082364;1295082368;
114301308;1295082368;1295082363;
114301308;1295082363;1520383503;
114301308;1520383503;1295082367;
114301308;1295082367;1295082361;
114301308;1295082361;1295082360;
114301308;1295082360;1295082357;
114301308;1295082357;1295082359;
114301308;1295082359;1295082362;
114301308;1295082362;1295082365;
114301308;1295082365;1520385419;
138657285;1520385168;1520385292;
138657285;1520385292;1295083229;
138657285;1295083229;1295083240;
138657285;1295083240;1295083218;
138657285;1295083218;1520386955;
138657285;1520386955;1520387638;
138657597;1520385154;1520387314;
138657706;1520383994;1520384155;
138657706;1520384155;1520385047;
160335641;1723836403;1723836406;
160335646;1723836406;1723836454;
160335646;1723836454;1723836414;
160335646;1723836414;1723836453;
160335646;1723836453;1723836406;
308107173;1295083218;1295083238;
308107173;1295083238;1520385419;
308107173;1520385419;1295083223;
308107173;1295083223;1520385154;
308107173;1520385154;1295083221;
308107173;1295083221;1295083220;
308107173;1295083220;1295083212;
308107173;1295083212;1295083239;
308107173;1295083239;1295083228;
308107173;1295083228;1295083224;
308107173;1295083224;1295083225;
308107173;1295083225;1295083227;
308107173;1295083227;1295083217;
308107173;1295083217;1295083215;
308107173;1295083215;1295083226;
308107173;1295083226;1295083237;
308107173;1295083237;1520383727;
308107173;1520383727;1295083213;
308107173;1295083213;1295083241;
308107173;1295083241;1295083222;
308107173;1295083222;1295083231;
308107173;1295083231;1295083214;
311502832;1723836453;3171727272;
311502834;1723836454;3171727270;
