26697169;292782777;292782778;
26697169;292782778;292782779;
26697169;292782779;1865068717;
26697169;1865068717;292782783;
26697169;292782783;1723836416;
26697169;1723836416;292782784;
26697169;292782784;292782785;
26697169;292782785;1723836403;
26697169;1723836403;292782786;
26697169;292782786;292782787;
26697169;292782787;1520385168;
26697169;1520385168;3133922934;
26697169;3133922934;292782788;
26697169;292782788;292782789;
26697169;292782789;292782790;
26697169;292782790;1520383994;
26697169;1520383994;292782791;
26697169;292782791;292782792;
26697169;292782792;292782793;
26697169;292782793;292782794;
26697169;292782794;3171727265;
26697169;3171727265;292782795;
26697169;292782795;3127815808;
26697169;3127815808;292782799;
26697170;292782841;292782801;
26697170;292782801;3029278623;
26697170;3029278623;292782802;
26697172;292782812;292782813;
26697172;292782813;292782814;
26697172;292782814;1520377904;
26697172;1520377904;292782815;
26697172;292782815;292782818;
26697172;292782818;1520377397;
26697172;1520377397;3131295167;
26697172;3131295167;1295087865;
26697172;1295087865;1520376752;
26697172;1520376752;3131295169;
26697172;3131295169;1295087867;
26697172;1295087867;3131295170;
26697172;3131295170;1520377207;
26697172;1520377207;1520377696;
26697173;292782821;292782820;
26697173;292782820;292782819;
26697174;292782832;3029190238;
26697174;3029190238;3029190239;
26697174;3029190239;3029190242;
26697174;3029190242;292782824;
26697175;292782812;292782838;
26697175;292782838;292782839;
26697175;292782839;292782840;
26697175;292782840;292782841;
26697175;292782841;1520378731;
26697175;1520378731;1520378870;
26697175;1520378870;3029278622;
26697175;3029278622;292782843;
26697175;292782843;292782844;
26697175;292782844;3029278621;
26697175;3029278621;292782830;
26697175;292782830;292782832;
26697175;292782832;3029278620;
26697175;3029278620;1520378117;
26697175;1520378117;292782833;
26697175;292782833;3029278619;
26697175;3029278619;292782819;
26944757;1415548402;295232582;
26944757;295232582;295232581;
26944757;295232581;295232580;
128006485;1415548405;1415548403;
128006486;1415548404;1415548403;
128006486;1415548403;1415548400;
128006488;1415548397;1415548399;
128006488;1415548399;1415548400;
128006488;1415548400;1415548401;
128006488;1415548401;1415548402;
138657275;1520380930;1520381624;
138657275;1520381624;292782806;
138657275;292782806;1295083214;
138657275;1295083214;1295081295;
138657275;1295081295;1520383632;
138657275;1520383632;1520383670;
138657275;1520383670;1520383847;
138657275;1520383847;1520384171;
138657275;1520384171;1520384907;
138657275;1520384907;1520385541;
138657275;1520385541;1520385889;
138657275;1520385889;1520386165;
138657275;1520386165;1520386395;
138657275;1520386395;1520386848;
138657275;1520386848;1520387198;
138657275;1520387198;1520387300;
138657434;1520374540;3105909847;
138657434;3105909847;1520376910;
138657434;1520376910;1520376947;
138657434;1520376947;3131268270;
138657434;3131268270;1520377904;
138657434;1520377904;3131268272;
138657434;3131268272;1520378866;
138657434;1520378866;3131268278;
138657434;3131268278;1520379053;
138657434;1520379053;3131268280;
138657434;3131268280;1520378899;
138657434;1520378899;1520378884;
138657434;1520378884;1520378724;
138657434;1520378724;3104214067;
138657623;1520381757;1520381615;
138657623;1520381615;1520381477;
138657623;1520381477;1520381446;
138657623;1520381446;1520381243;
138657623;1520381243;1520380742;
138657623;1520380742;1520380645;
138657623;1520380645;1520380249;
138657623;1520380249;1520380245;
138657623;1520380245;1520380494;
138657623;1520380494;1520380678;
138657623;1520380678;1520380930;
138657701;1520382380;3127979673;
138657701;3127979673;1520379397;
138657701;1520379397;3127979670;
138657701;3127979670;3127979661;
138657701;3127979661;1520378082;
144973720;1584471082;1520378082;
144973720;1520378082;1584471083;
144973720;1584471083;3127979655;
144973720;3127979655;295232581;
211483921;292782819;292782834;
211483921;292782834;292782835;
211483921;292782835;292782836;
211483921;292782836;292782837;
211483921;292782837;292782812;
212371343;801924157;1520383146;
212371343;1520383146;1520382990;
212371343;1520382990;4199539124;
212371343;4199539124;1520381777;
212371343;1520381777;1584471082;
212371343;1584471082;3028479586;
212371343;3028479586;295232676;
212371343;295232676;3028696847;
212371343;3028696847;295232668;
298496961;1415548402;295232583;
298496961;295232583;1520378033;
298496961;1520378033;295232584;
298496961;295232584;1415548405;
298496961;1415548405;295232586;
298875920;1520378033;3127979660;
298875920;3127979660;3127979672;
298875920;3127979672;1520379397;
298888962;3028549663;3028549661;
298888962;3028549661;3028549662;
298888962;3028549662;3028549665;
298888962;3028549665;3028549666;
298888962;3028549666;3028549668;
298888962;3028549668;3028549669;
298888962;3028549669;3028549671;
298888962;3028549671;3028549673;
298888962;3028549673;3028549675;
298888962;3028549675;295232580;
298888964;295232580;3028549676;
298888964;3028549676;3028549674;
298888964;3028549674;295232579;
298888964;295232579;3028549670;
298888964;3028549670;295232578;
298888964;295232578;295232577;
298888964;295232577;3028549667;
298888964;3028549667;295232576;
298888964;295232576;3028549664;
298888964;3028549664;295232575;
298888964;295232575;3028549663;
298992610;292782830;3029190241;
298992610;3029190241;3029190240;
298992610;3029190240;292782824;
298992611;292782824;1415548404;
298992611;1415548404;295232586;
298992611;295232586;1520382380;
298992611;1520382380;801924157;
298992741;295232586;3029189652;
298992741;3029189652;3127815811;
298992741;3127815811;3029189653;
298992741;3029189653;3029189654;
298992741;3029189654;3029189655;
298998619;292782799;292782800;
298998619;292782800;3029278621;
298998620;3029278622;3029278628;
298998620;3029278628;292782799;
298998621;1520379092;3029278624;
298998621;3029278624;3029278625;
298998621;3029278625;3029278626;
298998621;3029278626;3029278627;
298998621;3029278627;3029278628;
298998622;1520381222;1520380291;
298998622;1520380291;1295082366;
298998623;2222277597;292782897;
298998623;292782897;292782898;
298998623;292782898;292782899;
298998623;292782899;292782900;
298998623;292782900;292782915;
298998623;292782915;292782916;
298998623;292782916;295232638;
298998623;295232638;292782917;
298998623;292782917;292782918;
298998623;292782918;292782919;
298998623;292782919;1415548397;
298998623;1415548397;292782920;
298998623;292782920;292782921;
298998623;292782921;292782823;
298998623;292782823;292782822;
298998623;292782822;292782821;
298998624;292782821;3029278618;
298998624;3029278618;3029278620;
298998625;1520380930;1520381086;
298998625;1520381086;1520381222;
298998626;292782802;1520379092;
298998626;1520379092;1520378893;
298998626;1520378893;1520378870;
298998627;1520381222;1520381188;
298998627;1520381188;1520380734;
298998627;1520380734;1520380265;
298998627;1520380265;1520379850;
298998627;1520379850;1520379608;
298998627;1520379608;292782802;
298998628;1295082366;1520380222;
298998628;1520380222;1520380056;
298998628;1520380056;1520380030;
298998628;1520380030;1520380008;
298998628;1520380008;1520379830;
298998628;1520379830;1520379797;
298998628;1520379797;1520379820;
298998628;1520379820;1520379838;
298998628;1520379838;1520380092;
298998628;1520380092;1520380232;
298998628;1520380232;1520381009;
298998628;1520381009;1520381259;
298998628;1520381259;1520381267;
299041062;1415548396;295232591;
299041062;295232591;295232590;
299041062;295232590;1415548398;
299041062;1415548398;295232589;
299041062;295232589;295232588;
299041062;295232588;3029730198;
299041062;3029730198;295232580;
305757091;801924146;3105861714;
305757091;3105861714;1520375496;
305757091;1520375496;1520376486;
305757091;1520376486;1520376722;
305757091;1520376722;3131268263;
305757091;3131268263;3131422546;
305757091;3131422546;1520377397;
305757091;1520377397;3131268267;
305757091;3131268267;1520377996;
305757091;1520377996;3131268273;
305757091;3131268273;3131268274;
305757091;3131268274;1520378107;
305757091;1520378107;3131268276;
305757091;3131268276;1520378335;
305757091;1520378335;1520378483;
305757091;1520378483;3104214067;
307599361;3127979670;3127979658;
311502835;3171727266;3171727264;
311502835;3171727264;3171727259;
